  0   0 191  80   0   0   0 261   0  88   1   0   0   0   0   9   0   0   0   0   0   0   0   0   0   0   0   0   0   0   0   0   0   0   0   0   0   0   0   0 
  1   0   5   1   7  25  15  11  21   3  14  69   8  46 106  84  11   7   3   0  30   4   0   6   3  36   0   0   0   0   0   0   5  64   5   3   5   0  30   2 
115   0   0 272   0   0   0 189   0  34   0   0   0   0   0   9   0   0   0   0   0   0   0   4   0   0   1   0   0   0   0   0   0   0   0   1   5   0   0   0 
 88   0 295   0   7   0   4 121   0  55   0   0   6   1   0  26   0   0   1   0   0   0   0   1   0   0   1   0   0   0   0   0   0   0   0   9  13   2   0   0 
  0   0   0   1   0 309 136   0  35   0  67   2   0   0  72   5   1   0   0   0   0   0   0   0   0   0   0   0   0   0   0   0   0   0   2   0   0   0   0   0 
  0   1   0   0 259   0 142   1  52   0  72   1   0   0  94   2   0   0   1   0   0   0   2   0   0   0   0   0   0   0   0   0   0   0   2   0   0   0   0   1 
  0   0   0   2  74 211   0   0 178   6  58   1   0   6  46   0   0   0   0   0   0   0   0   0   0   0   0   0   0   0   0   0   0   0   0   0   0   0   0  48 
260   1 233 102   0   0   0   0   0  25   0   0   0   0   0   2   0   0   0   0   0   0   0   1   0   0   0   0   0   0   0   0   0   0   0   0   5   1   0   0 
  0   0   1   0  40 176 239   2   0   7  61  18   5   9  49   5   3   0   0   0   0   0   0   0   0   0   0   3   0   0   0   0   0   0   0   0   0   0   0  12 
136   0  33  66   2   1  10  26  24   0   6   8  20   0   5 272   0   0   0   0   0   0   0   0   0   0   0   0   0   0   0   0   0   0   0   4   0  17   0   0 
  3   1   0   0 120 231 122   1  98   8   0   0   0   0  36   7   0   0   0   0   0   0   0   0   0   0   0   0   0   0   0   0   0   0   0   0   0   0   0   3 
  0  30   0   3   4   3  23   0  75  14   0   0 175 226  12   1   9   2   1   1   3   2   0   0   3   0   0   4   0   0   0   0   5   1   4   3   0   0  20   6 
  3  19   0   6   4   1   6   0  47  47   0 230   0 201  10   7   3   0   0   0   2  10   0   0   0   0   0   1   8   3   0   1   0  10   1   0   0   0  10   0 
  0  13   0   1   3   8  43   0  56   1   1 210 147   0  92   2   2   0   0   0   0   5   0   0   0   1   0   0   0   0   0   0   0   2   5   7   0   0  30   1 
  0   9   0   0  93 242  72   0  84   0  22   7   1  29   0  68   1   0   0   0   0   0   2   0   0   0   0   0   0   0   0   0   0   0   0   0   0   0   0   0 
 39   5  24  43   7  52   7   6  20 240   5   0   4   3 129   0   0   2   6   0   0   0   0   1   0   0   0   0   0   0   0   0   0   0   0  25   2  10   0   0 
  0   0   0   0   0   0   0   0   2   0   0   3   2   2   0   0   0 268  42   7 104   2  70   3   8   6   1   1   3   0  20   7   0   0  66   0   0   3  10   0 
  0   0   0   0   0   0   0   0   0   0   0   0   0   0   0   0 236   0  51   7 109   1  85   3   0   3   0   0   0   0   0  14   1   2 117   0   0   0   1   0 
  0   0   2   0   0   0   0   0   0   0   0   0   0   0   0   0  34  65   0   3  28  27  24 235   0   0   1   4   6   4   2  51   0   0   0  60   7  76   1   0 
  0   0   0   0   6   3   1   0   0   0   1   0   0   0   1   0  11  10   4   0  71  70 142   1   0   0   0  20   1   0   0   0  11   3 108   8   1   0   1 156 
  0   3   0   0   0   0   0   0   0   0   0   0   0   0   0   0  99 151  13  29   0 157   7  11   0   0   0   3  27   5   0   0   8   3  16   4   0   1  93   0 
  0   2   0   0   0   0   0   0   0   0   0   0   0   2   2   0   9  18  24  31 203   0   2   8   0   0   1   0 113  21   0   1   1  20  14  84   2   4  67   1 
  0   0   0   0   5   9   0   0   0   0   0   0   0   0   1   0 106 150  27  76  12   0   0 154   0   0   0   8   0   0   0   7   1   0  53   1   2   0   2  16 
  0   0   3   0   1   0   0   0   0   0   0   0   0   0   0   6  12  18 222   0   6   7 165   0   0   1   5   4   3   0   1  51   0   0   0  31  47  46   1   0 
  0   0   0   0   0   0   0   0   0   0   0   1   0   0   1   0  16   7   1   1   0   0   0   0   0 292   7 178   0   0   0   1  96   5  11   3   0   0   0  10 
  0  14   0   0   0   0   0   0   0   0   0   0   0   0   3   0  15  19   1   1   0   0   1   0 290   0   6 148   0   0   1   0  82   1  32   0   0   0   0  16 
  4   3  12   5   0   0   0   1   0  10   0   0   1   0   0   1   8   0  21   0   2   1   0  32   5   4   0  30   2  28 197 207  12   0   0  18  22   1   0   3 
  0   0   0   0   0   0   0   0   0   0   1   0   0   0   0   0   8   4   0  10   3   0  14   2 228 115  12   0   0   0   5   3 149   0  40   2   1   0   0  33 
  0   0   0   0   0   0   0   0   0   0   0   0   3   0   0   0   2   0   2   2  63 125   0   2   0   1   5   3   0 311   0   8   6  10   1  18   0   9  58   1 
  0   0   0   0   0   0   0   0   0   0   0   0   3   0   0   0   0   0   9   0  59 113   0   2   0   0  11   3 305   0   7  17   8  10   0  29   0  10  42   2 
  0   0   0   0   0   1   0   0   1   0   1   0   0   0   0   0  63   3  20   0   0   0  24  14   1   6 160  16   3   6   0 281  25   0   1   0   1   1   0   2 
  0   0   0   0   0   0   0   0   0   0   0   0   0   0   0   0  17  24 107   0  10   0  17  71   0   1 110  10   3   5 229   0  17   0   2   3   0   2   1   1 
  0   0   0   0   0   0   2   0   1   0   0   0   0   0   0   0  28  16   0   7  18   3   8   0 118  60   2 149   4   5   2  11   0  10  99   0   0   1   0  86 
  0  91   0   0   0   0   0   0   0   0   0   2   4  10   0   0   1   0   0   2  95 207   0   0   1   0   5  14  61  21   0   0  17   0  11   9  13   1  47  18 
  0   1   0   0   0   1   0   0   0   0   0   1   0   2   0   0  97 207   0  27  24   4  29   0   1   9   2  20   0   0   0   0  20   3   0  63   5   4  51  59 
  0   2   1   7   0   0   0   0   0   0   0   0   0   0   0   6   2   3  71   4   1  69   0  21   1   0   7   1  14   7   0   0   0   1  56   0 191 148  15   2 
  3   4  16  23   0   0   0   6   0   3   0   0   0   0   0  10   0   0  38   2   0  30   2  78   0   6   9   2   9   5   0   1   0   5  19 262   0  78   2  17 
  3   0   4  11   0   0   0   3   0  16   0   0   0   0   0  11   0   2 129   0   2   4   0  84   0   3   1   0  22   5   0   0   0   0   7 201  36   0  85   1 
  0   6   0   0   0   0   0   0   0   0   0   1   0   7   0   0  20  19   3   4 189 101   0   4   0   0   0   1  61  10   0   0   0  12  60  22   2  99   0   9 
  0   0   0   0   0   4  80   0  22   1   1   0   0   0   1   0   9   7   0  94  11   5  24   0   1   7   0  29   0   0   0   0  90   5 183  16  21   6  13   0 
